Front Left:
Ks=0.040914
Kv=0.11602
Ka=0.0027748

Front Right:
Ks = 0.045966
Kv = 0.11703
Ka = 0.0034252

Back Left:

Ks = 0.028301
Kv = 0.1154
Ka = 0.0060396

Back Right:

Ks = 0.039997
Kv = 0.11682
Ka = 0.0045247


Ks avg = 0.0387945
Kv avg = 0.1163175
Ka avg = 0.004191075

Feedback
kp = 0.22778
kd = 0

